ver alpha 0.01
        exit - aby wyjsc
        pomoc - aby wyswietlic spis funkcji

>> pomoc
spis funkcji:

wyzn    (nazwa_m)
odwroc  (nazwa_m)
zapisz  (nazwa_m) // nazwa macierzy bedzie takze nazwa pliku
wczytaj (nazwa_pliku)
losowa  (nazwa_m) lub losowa (x,y)
zerowa  (nazwa_m) lub zerowa (x,y)
nazwa_m(x,y) - dostep do elementu o zadanych wspl

operatory *,+,- oraz ich skrocone wersje +=,*=,-=

np a*=a, B=A*B itd.

>> wczytaj(a)
a
+4899.00  +14891.0  +5228.00  +1872.00  +6812.00  +2557.00  +14463.0  +3511.00  +10182.0  +6313.00
+9279.00  +21615.0  +16892.0  +23085.0  +7551.00  +25736.0  +32351.0  +15927.0  +2054.00  +14917.0
+12665.0  +11067.0  +17482.0  +14541.0  +25632.0  +12226.0  +27515.0  +1572.00  +3997.00  +24069.0
+3267.00  +25434.0  +25870.0  +1466.00  +20429.0  +21762.0  +9225.00  +16430.0  +8324.00  +12262.0
+17538.0  +660.000  +18461.0  +24057.0  +30703.0  +10908.0  +5975.00  +28557.0  +17833.0  +14664.0
+1537.00  +19654.0  +18070.0  +12284.0  +27581.0  +6991.00  +17413.0  +17364.0  +13829.0  +11339.0
+15833.0  +23353.0  +16235.0  +1679.00  +7146.00  +2487.00  +11301.0  +24846.0  +3752.00  +32265.0
+28616.0  +8596.00  +25346.0  +5750.00  +24660.0  +13240.0  +19846.0  +3937.00  +31345.0  +19468.0
+28873.0  +27.0000  +15096.0  +27542.0  +8969.00  +6651.00  +12725.0  +14212.0  +14097.0  +23985.0
+12652.0  +31003.0  +19549.0  +15063.0  +16665.0  +23025.0  +27263.0  +19913.0  +12924.0  +12380.0

>> odwroc (a)
-0.000275593  -9.64616E-005  +1.84428E-005  -0.000107415  -6.36613E-005  +5.08411E-005  +2.79206E-005  +4.33775E-005  -1.06709E-006  +0.000217226
+4.85534E-005  -6.54675E-005  +1.70242E-005  +3.31490E-005  -2.11322E-005  -1.46017E-005  -1.77116E-005  -4.57183E-005  +4.52471E-005  +5.69904E-005
-0.000427942  -1.66903E-005  -4.65442E-005  -0.000102583  -0.000151468  +0.000217242  +3.70159E-005  +9.94356E-005  +1.55039E-005  +0.000127992
+7.82202E-005  -1.23630E-005  +4.49967E-006  +4.51006E-005  -4.51234E-006  -1.58628E-006  -3.81921E-005  -4.95592E-005  +6.70292E-005  -2.40035E-005
-3.00699E-006  -4.81213E-005  +4.32842E-005  -6.64789E-006  +2.45273E-005  -1.87778E-005  -7.24637E-006  -1.60836E-005  -1.65369E-005  +4.63107E-005
+0.000293424  +5.63066E-005  +1.85889E-005  +0.000119193  +0.000108502  -0.000170952  -3.74583E-005  -5.24196E-005  -1.43350E-005  -0.000135783
-0.000169090  +3.70291E-005  -1.40681E-005  -0.000105278  -3.62342E-005  +8.17214E-005  +3.56183E-005  +6.64420E-005  -5.50008E-005  +5.05496E-005
-9.75499E-005  +2.79064E-005  -3.02302E-005  -6.11154E-005  +1.37884E-005  +3.39188E-005  +3.97318E-005  +3.31273E-005  -4.90750E-005  +2.74603E-005
+0.000328232  +6.67608E-005  -2.76972E-005  +0.000104645  +7.99759E-005  -9.35557E-005  -3.66297E-005  -3.25393E-005  +1.33814E-005  -0.000185951
+0.000385580  +6.78565E-005  +2.22217E-005  +0.000142041  +0.000101963  -0.000150136  -2.08461E-005  -7.30457E-005  +1.67516E-005  -0.000228018

>> pomoc
spis funkcji:

wyzn    (nazwa_m)
odwroc  (nazwa_m)
zapisz  (nazwa_m) // nazwa macierzy bedzie takze nazwa pliku
wczytaj (nazwa_pliku)
losowa  (nazwa_m) lub losowa (x,y)
zerowa  (nazwa_m) lub zerowa (x,y)
nazwa_m(x,y) - dostep do elementu o zadanych wspl

operatory *,+,- oraz ich skrocone wersje +=,*=,-=

np a*=a, B=A*B itd.

>> losowa (3,3
Zle polecenie
>> losowa (3,3)
+24675.0  +24688.0  +2622.00
+29669.0  +4842.00  +11874.0
+3347.00  +19870.0  +26195.0
>> zapisz (c)
'c' - Zle polecenie

>> zapisz ('c')
''c'' - Zle polecenie

>> zapisz (C)
'C' - Zle polecenie

>> zapisz
'zapisz' - Nieznane polecenie lub zmienna
>> zapisz
'zapisz' - Nieznane polecenie lub zmienna
>> zapisz(a)
>>
>>
>> wczytaj(a)
a
+4899.00  +14891.0  +5228.00  +1872.00  +6812.00  +2557.00  +14463.0  +3511.00  +10182.0  +6313.00
+9279.00  +21615.0  +16892.0  +23085.0  +7551.00  +25736.0  +32351.0  +15927.0  +2054.00  +14917.0
+12665.0  +11067.0  +17482.0  +14541.0  +25632.0  +12226.0  +27515.0  +1572.00  +3997.00  +24069.0
+3267.00  +25434.0  +25870.0  +1466.00  +20429.0  +21762.0  +9225.00  +16430.0  +8324.00  +12262.0
+17538.0  +660.000  +18461.0  +24057.0  +30703.0  +10908.0  +5975.00  +28557.0  +17833.0  +14664.0
+1537.00  +19654.0  +18070.0  +12284.0  +27581.0  +6991.00  +17413.0  +17364.0  +13829.0  +11339.0
+15833.0  +23353.0  +16235.0  +1679.00  +7146.00  +2487.00  +11301.0  +24846.0  +3752.00  +32265.0
+28616.0  +8596.00  +25346.0  +5750.00  +24660.0  +13240.0  +19846.0  +3937.00  +31345.0  +19468.0
+28873.0  +27.0000  +15096.0  +27542.0  +8969.00  +6651.00  +12725.0  +14212.0  +14097.0  +23985.0
+12652.0  +31003.0  +19549.0  +15063.0  +16665.0  +23025.0  +27263.0  +19913.0  +12924.0  +12380.0

>> zerowa (c)
'c' - Zle polecenie

>> a = zerowa(2,3)
+0.000000  +0.000000  +0.000000
+0.000000  +0.000000  +0.000000
>> wczytaj(a)
a
+4899.00  +14891.0  +5228.00  +1872.00  +6812.00  +2557.00  +14463.0  +3511.00  +10182.0  +6313.00
+9279.00  +21615.0  +16892.0  +23085.0  +7551.00  +25736.0  +32351.0  +15927.0  +2054.00  +14917.0
+12665.0  +11067.0  +17482.0  +14541.0  +25632.0  +12226.0  +27515.0  +1572.00  +3997.00  +24069.0
+3267.00  +25434.0  +25870.0  +1466.00  +20429.0  +21762.0  +9225.00  +16430.0  +8324.00  +12262.0
+17538.0  +660.000  +18461.0  +24057.0  +30703.0  +10908.0  +5975.00  +28557.0  +17833.0  +14664.0
+1537.00  +19654.0  +18070.0  +12284.0  +27581.0  +6991.00  +17413.0  +17364.0  +13829.0  +11339.0
+15833.0  +23353.0  +16235.0  +1679.00  +7146.00  +2487.00  +11301.0  +24846.0  +3752.00  +32265.0
+28616.0  +8596.00  +25346.0  +5750.00  +24660.0  +13240.0  +19846.0  +3937.00  +31345.0  +19468.0
+28873.0  +27.0000  +15096.0  +27542.0  +8969.00  +6651.00  +12725.0  +14212.0  +14097.0  +23985.0
+12652.0  +31003.0  +19549.0  +15063.0  +16665.0  +23025.0  +27263.0  +19913.0  +12924.0  +12380.0

>> a = zerowa(2,3)
+0.000000  +0.000000  +0.000000
+0.000000  +0.000000  +0.000000
>> zapisz(a)
>> wczytaj(a)
a
+0.000000  +0.000000  +0.000000
+0.000000  +0.000000  +0.000000

>> c = losowa(5,5)
+25282.0  +25043.0  +15790.0  +16229.0  +22808.0
+21350.0  +25207.0  +32453.0  +17158.0  +2482.00
+7826.00  +31674.0  +19866.0  +9694.00  +21914.0
+30271.0  +14452.0  +10841.0  +31824.0  +23522.0
+6009.00  +1473.00  +2030.00  +18887.0  +23756.0
>> zapisz(c)
>>